<<<<<<< Updated upstream
[gd_scene load_steps=22 format=3 uid="uid://d2yfp1tb8a8o1"]
=======
[gd_scene load_steps=29 format=3 uid="uid://d2yfp1tb8a8o1"]
>>>>>>> Stashed changes

[ext_resource type="PackedScene" uid="uid://bmnfojq3xd4ad" path="res://scenes/player.tscn" id="1_o5qli"]
[ext_resource type="PackedScene" uid="uid://ds3ieo3rb4j0a" path="res://scenes/menus/pause_menu.tscn" id="1_o6xl0"]
[ext_resource type="PackedScene" uid="uid://evqpfl5bkqbi" path="res://scenes/decoration/woodbox.tscn" id="2_0wfyh"]
<<<<<<< Updated upstream
=======
[ext_resource type="Script" uid="uid://bh0ega5rx8qi4" path="res://scripts/weaponSkript.gd" id="2_jbj1t"]
>>>>>>> Stashed changes
[ext_resource type="PackedScene" uid="uid://d20mph0y372ct" path="res://scenes/decoration/barrel.tscn" id="2_sugp2"]
[ext_resource type="PackedScene" uid="uid://ds7nop426fpju" path="res://scenes/weapons/pistol.tscn" id="2_tbgi4"]
[ext_resource type="Script" uid="uid://baw12ml61sky4" path="res://scripts/camera_controller.gd" id="3_tefeu"]
<<<<<<< Updated upstream
=======
[ext_resource type="Texture2D" uid="uid://ur5v855a316h" path="res://assets/crosshair.svg" id="4_85g3d"]
<<<<<<< Updated upstream
[ext_resource type="Script" path="res://scripts/cameraScript.gd" id="4_choun"]
>>>>>>> Stashed changes
=======
[ext_resource type="Script" uid="uid://c74mi7313djo3" path="res://scripts/cameraScript.gd" id="4_choun"]
>>>>>>> Stashed changes
[ext_resource type="PackedScene" uid="uid://cy1w1e6sayjtj" path="res://scenes/decoration/lantern.tscn" id="4_jyhfs"]
<<<<<<< Updated upstream
[ext_resource type="PackedScene" path="res://scenes/decoration/cactus.tscn" id="7_o6xl0"]
[ext_resource type="PackedScene" path="res://scenes/menus/gambling_wheel_spinning.tscn" id="9_85g3d"]
[ext_resource type="PackedScene" path="res://scenes/decoration/fence_1.tscn" id="10_trceg"]
[ext_resource type="PackedScene" path="res://scenes/decoration/fence_2.tscn" id="11_a8y0u"]
[ext_resource type="PackedScene" path="res://scenes/decoration/fence_3.tscn" id="12_jkv2x"]
[ext_resource type="PackedScene" path="res://scenes/decoration/fence_4.tscn" id="13_jbj1t"]
=======
[ext_resource type="PackedScene" uid="uid://uxlv3hu17vgt" path="res://scenes/weapons/ak_47.tscn" id="4_muem4"]
[ext_resource type="PackedScene" path="res://scenes/menus/settings_menu.tscn" id="6_jbj1t"]
[ext_resource type="PackedScene" path="res://scenes/decoration/cactus.tscn" id="7_o6xl0"]
[ext_resource type="PackedScene" uid="uid://cl0xeultds0dy" path="res://scenes/menus/gambling_wheel_spinning.tscn" id="9_85g3d"]
[ext_resource type="PackedScene" uid="uid://dgtdlxwqhwve4" path="res://scenes/decoration/fence_1.tscn" id="10_trceg"]
[ext_resource type="PackedScene" uid="uid://bxm5yatlhai6n" path="res://scenes/decoration/fence_2.tscn" id="11_a8y0u"]
[ext_resource type="PackedScene" uid="uid://dqoj4ugmgutjt" path="res://scenes/decoration/fence_3.tscn" id="12_jkv2x"]
[ext_resource type="PackedScene" uid="uid://b5mta4y8v464p" path="res://scenes/decoration/fence_4.tscn" id="13_jbj1t"]
[ext_resource type="PackedScene" uid="uid://b3we2iiulhdvh" path="res://assets/models/decoration/rail1.blend" id="19_jscy8"]
[ext_resource type="PackedScene" uid="uid://dcnt4s1oqlckv" path="res://assets/models/decoration/rail2.blend" id="20_pm3ni"]
[ext_resource type="PackedScene" uid="uid://blg876vyx67gx" path="res://assets/models/decoration/rail3.blend" id="21_y6deb"]
[ext_resource type="PackedScene" uid="uid://ceq8evre7aet6" path="res://scenes/decoration/lore.tscn" id="22_jscy8"]
>>>>>>> Stashed changes

[sub_resource type="ProceduralSkyMaterial" id="ProceduralSkyMaterial_sgp6g"]
sky_horizon_color = Color(0.662243, 0.671743, 0.686743, 1)
ground_horizon_color = Color(0.662243, 0.671743, 0.686743, 1)

[sub_resource type="Sky" id="Sky_o5qli"]
sky_material = SubResource("ProceduralSkyMaterial_sgp6g")

[sub_resource type="Environment" id="Environment_0wfyh"]
background_mode = 2
sky = SubResource("Sky_o5qli")
ssr_enabled = true
ssao_enabled = true
ssil_enabled = true
sdfgi_enabled = true
glow_enabled = true
adjustment_enabled = true
adjustment_contrast = 1.08
adjustment_saturation = 1.25

[sub_resource type="StandardMaterial3D" id="StandardMaterial3D_tbgi4"]
albedo_color = Color(0.569805, 0.510859, 0.357899, 1)

[node name="main" type="Node3D"]

[node name="WorldEnvironment" type="WorldEnvironment" parent="."]
environment = SubResource("Environment_0wfyh")

[node name="DirectionalLight3D" type="DirectionalLight3D" parent="."]
transform = Transform3D(-0.866025, -0.433013, 0.25, 0, 0.5, 0.866025, -0.5, 0.75, -0.433013, 0, 0, 0)
light_color = Color(1, 0.923881, 0.910825, 1)
shadow_enabled = true

[node name="PLAYER" parent="." node_paths=PackedStringArray("camera_pivot") groups=["Player"] instance=ExtResource("1_o5qli")]
transform = Transform3D(1, 0, 0, 0, 1, 0, 0, 0, 1, 4, 0.509205, 5)
camera_pivot = NodePath("../CameraController")

<<<<<<< Updated upstream
[node name="pistol" parent="PLAYER" instance=ExtResource("2_tbgi4")]
transform = Transform3D(1, 0, 0, 0, 1, 0, 0, 0, 1, -0.0445476, 1.09619, -0.878157)
shootCooldown = 0.3
=======
[node name="weaponSpawner" type="Node3D" parent="PLAYER"]
transform = Transform3D(1, 0, 0, 0, 1, 0, 0, 0, 1, 0.0282826, 1.2, -0.682)
script = ExtResource("2_jbj1t")
pistol = ExtResource("2_tbgi4")
ak47 = ExtResource("4_muem4")
>>>>>>> Stashed changes

[node name="CameraController" type="Node3D" parent="."]
script = ExtResource("3_tefeu")

[node name="Camera3D" type="Camera3D" parent="CameraController"]
transform = Transform3D(1, 0, 0, 0, 0.5779, 0.816107, 0, -0.816107, 0.5779, 0, 9.39697, 4.33919)

[node name="CSGCombiner3D" type="CSGCombiner3D" parent="."]
material_override = SubResource("StandardMaterial3D_tbgi4")
use_collision = true

[node name="CSGBox3D2" type="CSGBox3D" parent="CSGCombiner3D"]
transform = Transform3D(1, 0, 0, 0, 1, 0, 0, 0, 1, 0, 1.5, -4)
size = Vector3(1, 2, 9)

[node name="CSGBox3D3" type="CSGBox3D" parent="CSGCombiner3D"]
transform = Transform3D(-4.37114e-08, 0, -1, 0, 1, 0, 1, 0, -4.37114e-08, 8, 1.5, -4)
size = Vector3(1, 2, 9)

[node name="CSGBox3D4" type="CSGBox3D" parent="CSGCombiner3D"]
transform = Transform3D(-4.37114e-08, 0, -1, 0, 1, 0, 1, 0, -4.37114e-08, 7, 1.5, -9)
size = Vector3(1, 2, 13)

[node name="CSGBox3D" type="CSGBox3D" parent="CSGCombiner3D"]
size = Vector3(36, 1, 28)

[node name="CanvasLayer" type="CanvasLayer" parent="."]

[node name="PauseMenu" parent="CanvasLayer" instance=ExtResource("1_o6xl0")]

[node name="Bullets" type="Node3D" parent="."]

<<<<<<< Updated upstream
<<<<<<< Updated upstream
=======
=======
>>>>>>> Stashed changes
[node name="crosshair" type="Sprite3D" parent="."]
transform = Transform3D(3, 0, 0, 0, -1.31134e-07, -3, 0, 3, -1.31134e-07, 2.38338, 0.546649, 1.79059)
texture = ExtResource("4_85g3d")

[node name="Crosshair3d" type="MeshInstance3D" parent="."]
transform = Transform3D(1, 0, 0, 0, 1, 0, 0, 0, 1, 3.17054, 0.660289, 2.05646)
cast_shadow = 0
mesh = SubResource("BoxMesh_choun")
surface_material_override/0 = SubResource("StandardMaterial3D_choun")

>>>>>>> Stashed changes
[node name="Deko" type="Node3D" parent="."]

[node name="woodbox" parent="Deko" instance=ExtResource("2_0wfyh")]
transform = Transform3D(1, 0, 0, 0, 1, 0, 0, 0, 1, -1.05427, 1.0063, 0.0272574)

[node name="barrel" parent="Deko" instance=ExtResource("2_sugp2")]
transform = Transform3D(1, 0, 0, 0, 1, 0, 0, 0, 1, 0.0192618, 0.877228, 0.980087)

[node name="lantern" parent="Deko" instance=ExtResource("4_jyhfs")]
transform = Transform3D(1, 0, 0, 0, 1, 0, 0, 0, 1, 2.19762, 0.5, 0.211462)

[node name="Cactus" parent="Deko" instance=ExtResource("7_o6xl0")]
transform = Transform3D(0.508576, 0, -0.861017, 0, 1, 0, 0.861017, 0, 0.508576, 4.81236, 0.273469, -2.09927)

[node name="gamblingWheel" parent="Deko" instance=ExtResource("9_85g3d")]
transform = Transform3D(1, 0, 0, 0, 1, 0, 0, 0, 1, 8.06478, 0.500001, -2.37131)

[node name="fence1" parent="Deko" instance=ExtResource("10_trceg")]
transform = Transform3D(1, 0, 0, 0, 1, 0, 0, 0, 1, 17.7141, 0.526163, 3.8611)

[node name="fence2" parent="Deko" instance=ExtResource("10_trceg")]
transform = Transform3D(0.0219022, 0, -0.99976, 0, 1, 0, 0.99976, 0, 0.0219022, 0.186203, 0.526163, 11.4149)

[node name="Node3D2" parent="Deko" instance=ExtResource("11_a8y0u")]
transform = Transform3D(1, 0, 0, 0, 1, 0, 0, 0, 1, 17.6463, 0.477721, -1.06282)

[node name="Node3D6" parent="Deko" instance=ExtResource("11_a8y0u")]
transform = Transform3D(-0.13779, 0, -0.990461, 0, 1, 0, 0.990461, 0, -0.13779, 9.96967, 0.477722, 11.5704)

[node name="Node3D3" parent="Deko" instance=ExtResource("12_jkv2x")]
transform = Transform3D(1, 0, 0, 0, 1, 0, 0, 0, 1, 17.7476, 0.508817, 9.03916)

[node name="Node3D7" parent="Deko" instance=ExtResource("12_jkv2x")]
transform = Transform3D(0.0101751, 0, -0.999948, 0, 1, 0, 0.999948, 0, 0.0101751, 5.34925, 0.508817, 11.3993)

[node name="Node3D5" parent="Deko" instance=ExtResource("12_jkv2x")]
transform = Transform3D(-4.37114e-08, 0, -1, 0, 1, 0, 1, 0, -4.37114e-08, 15.088, 0.508817, 11.8264)

[node name="Node3D4" parent="Deko" instance=ExtResource("12_jkv2x")]
transform = Transform3D(1, 0, 0, 0, 1, 0, 0, 0, 1, 17.7476, 0.508817, -6.42404)

[node name="Node3D8" parent="Deko" instance=ExtResource("13_jbj1t")]
transform = Transform3D(1, 0, 0, 0, 1, 0, 0, 0, 1, 17.8287, 0.508817, -11.4502)

[node name="fence3" parent="Deko" instance=ExtResource("10_trceg")]
transform = Transform3D(-0.99929, 0, -0.0376728, 0, 1, 0, 0.0376728, 0, -0.99929, -16.8597, 0.526163, -5.07857)

[node name="fence4" parent="Deko" instance=ExtResource("10_trceg")]
transform = Transform3D(-0.0595504, 0, 0.998225, 0, 1, 0, -0.998225, 0, -0.0595504, 0.371185, 0.526163, -13.2873)

[node name="Node3D9" parent="Deko" instance=ExtResource("11_a8y0u")]
transform = Transform3D(-0.99929, 0, -0.0376728, 0, 1, 0, 0.0376728, 0, -0.99929, -16.6064, 0.477721, -0.160692)

[node name="Node3D10" parent="Deko" instance=ExtResource("11_a8y0u")]
transform = Transform3D(0.100379, 0, 0.994949, 0, 1, 0, -0.994949, 0, 0.100379, -9.4112, 0.477722, -13.0741)

[node name="Node3D11" parent="Deko" instance=ExtResource("12_jkv2x")]
transform = Transform3D(-0.99929, 0, -0.0376728, 0, 1, 0, 0.0376728, 0, -0.99929, -17.0883, 0.508817, -10.2517)

[node name="Node3D12" parent="Deko" instance=ExtResource("12_jkv2x")]
transform = Transform3D(-0.0478387, 0, 0.998855, 0, 1, 0, -0.998855, 0, -0.0478387, -4.78761, 0.508817, -13.0773)

[node name="Node3D13" parent="Deko" instance=ExtResource("12_jkv2x")]
transform = Transform3D(-0.0376728, 0, 0.99929, 0, 1, 0, -0.99929, 0, -0.0376728, -14.5355, 0.508817, -13.1372)

[node name="Node3D17" parent="Deko" instance=ExtResource("11_a8y0u")]
transform = Transform3D(0.100379, 0, 0.994949, 0, 1, 0, -0.994949, 0, 0.100379, -8.89424, 0.477722, 11.7945)

[node name="Node3D18" parent="Deko" instance=ExtResource("12_jkv2x")]
transform = Transform3D(-0.0478387, 0, 0.998855, 0, 1, 0, -0.998855, 0, -0.0478387, -4.27065, 0.508817, 11.7913)

[node name="Node3D19" parent="Deko" instance=ExtResource("12_jkv2x")]
transform = Transform3D(-0.0376728, 0, 0.99929, 0, 1, 0, -0.99929, 0, -0.0376728, -14.0186, 0.508817, 11.7315)

[node name="fence5" parent="Deko" instance=ExtResource("10_trceg")]
transform = Transform3D(0.0349171, 0, -0.99939, 0, 1, 0, 0.99939, 0, 0.0349171, 5.75947, 0.526163, -13.4696)

[node name="Node3D15" parent="Deko" instance=ExtResource("11_a8y0u")]
transform = Transform3D(0.180107, 0, -0.983647, 0, 1, 0, 0.983647, 0, 0.180107, 14.8465, 0.477722, -13.4416)

[node name="Node3D16" parent="Deko" instance=ExtResource("12_jkv2x")]
transform = Transform3D(0.0231935, 0, -0.999731, 0, 1, 0, 0.999731, 0, 0.0231935, 10.9219, 0.508817, -13.5524)

[node name="Node3D14" parent="Deko" instance=ExtResource("12_jkv2x")]
transform = Transform3D(-0.99929, 0, -0.0376728, 0, 1, 0, 0.0376728, 0, -0.99929, -16.5057, 0.508817, 5.20053)

[node name="Node3D20" parent="Deko" instance=ExtResource("13_jbj1t")]
transform = Transform3D(-0.99929, 0, -0.0376728, 0, 1, 0, 0.0376728, 0, -0.99929, -16.3974, 0.508817, 10.2262)

[node name="rail1" parent="." instance=ExtResource("19_jscy8")]
transform = Transform3D(1, 0, 0, 0, 1, 0, 0, 0, 1, -11.7092, 0.6, 3.07063)

[node name="rail4" parent="." instance=ExtResource("19_jscy8")]
transform = Transform3D(1, 0, 0, 0, 1, 0, 0, 0, 1, -10.1988, 0.6, 3.07063)

[node name="rail2" parent="." instance=ExtResource("20_pm3ni")]
transform = Transform3D(1, 0, 0, 0, 1, 0, 0, 0, 1, -13.6955, 0.6, 3.06348)

[node name="rail3" parent="." instance=ExtResource("21_y6deb")]
transform = Transform3D(-1, 0, -8.74228e-08, 0, 1, 0, 8.74228e-08, 0, -1, -9.20233, 0.6, 3.08518)

[node name="Node3D" parent="." instance=ExtResource("22_jscy8")]
transform = Transform3D(1.1, 0, 0, 0, 1.1, 0, 0, 0, 1.1, -11, 1.33858, 3)
